# See Pugh 1987
0 0 1 0 0 -1 Sa
0 0 2 0 0 0 Ssa
0 1 0 -1 0 0 Mm
0 2 0 0 0 0 Ml
1 -3 0 2 0 0 2Q1
1 -3 2 0 0 0 \sigma1
1 -2 0 1 0 0 Q1
1 -2 2 -1 0 0 \rho1
1 -1 0 0 0 0 O1
1 0 0 -1 0 0 M1
1 0 0 0 0 0 M1
1 0 2 -1 0 0 \Chi1
1 1 -3 0 0 1 \pi1
1 1 -2 0 0 0 P1
1 1 -1 0 0 0 S1
1 1 0 0 0 0 K1
1 1 1 0 0 -1 \psi1
1 1 2 0 0 0 \phi1
1 2 -2 1 0 0 \theta1
1 2 0 -1 0 0 J1
1 3 0 0 0 0 OO1
2 -2 0 2 0 0 2N2
2 -2 2 0 0 0 \mu2
2 -1 0 1 0 0 N2
2 -1 2 -1 0 0 v2
2 0 0 0 0 0 M2
2 1 -2 1 0 0 \lambda2
2 1 0 -1 0 0 L2
2 1 0 1 0 0 L2
2 2 -3 0 0 1 T2
2 2 -2 0 0 0 S2
2 2 -1 0 0 -1 R2
2 2 0 0 0 0 K2
3 0 0 0 0 0 M3
